0.009259259259259259,0.0,0.005555555555555556,0.018518518518518517,0.0,0.0,0.003703703703703704,0.0,0.005555555555555556,0.001851851851851852,0.1574074074074074,0.13148148148148148,0.020370370370370372,0.001851851851851852,0.1425925925925926,0.5018518518518519
0
0.007407407407407408,0.0,0.007407407407407408,0.018518518518518517,0.0,0.0,0.001851851851851852,0.001851851851851852,0.009259259259259259,0.001851851851851852,0.14444444444444443,0.14444444444444443,0.018518518518518517,0.001851851851851852,0.14074074074074075,0.5018518518518519
1
0.007407407407407408,0.0,0.007407407407407408,0.020370370370370372,0.001851851851851852,0.0,0.001851851851851852,0.0,0.007407407407407408,0.001851851851851852,0.1814814814814815,0.11851851851851852,0.016666666666666666,0.001851851851851852,0.1259259259259259,0.5074074074074074
0
0.007407407407407408,0.0,0.007407407407407408,0.018518518518518517,0.0,0.0,0.001851851851851852,0.001851851851851852,0.009259259259259259,0.001851851851851852,0.14444444444444443,0.14444444444444443,0.018518518518518517,0.001851851851851852,0.14074074074074075,0.5018518518518519
1
0.0,0.007407407407407408,0.014814814814814815,0.044444444444444446,0.014814814814814815,0.0,0.007407407407407408,0.014814814814814815,0.014814814814814815,0.014814814814814815,0.24444444444444444,0.1111111111111111,0.02962962962962963,0.014814814814814815,0.11851851851851852,0.34814814814814815
0
0.014814814814814815,0.007407407407407408,0.014814814814814815,0.02962962962962963,0.0,0.022222222222222223,0.007407407407407408,0.007407407407407408,0.02962962962962963,0.014814814814814815,0.16296296296296298,0.17777777777777778,0.007407407407407408,0.0,0.16296296296296298,0.34074074074074073
1
0.012422360248447204,0.0,0.016563146997929608,0.020703933747412008,0.0,0.0,0.006211180124223602,0.008281573498964804,0.010351966873706004,0.010351966873706004,0.16356107660455488,0.22153209109730848,0.028985507246376812,0.004140786749482402,0.19668737060041408,0.3002070393374741
0
0.012422360248447204,0.002070393374741201,0.008281573498964804,0.028985507246376812,0.0,0.0,0.012422360248447204,0.002070393374741201,0.006211180124223602,0.002070393374741201,0.22981366459627328,0.14078674948240166,0.028985507246376812,0.008281573498964804,0.13250517598343686,0.38509316770186336
1
0.018518518518518517,0.009259259259259259,0.009259259259259259,0.046296296296296294,0.0,0.009259259259259259,0.009259259259259259,0.0,0.0,0.0,0.14814814814814814,0.19444444444444445,0.046296296296296294,0.0,0.16666666666666666,0.3425925925925926
0
0.027777777777777776,0.0,0.018518518518518517,0.037037037037037035,0.009259259259259259,0.0,0.0,0.0,0.027777777777777776,0.0,0.07407407407407407,0.21296296296296297,0.018518518518518517,0.018518518518518517,0.2037037037037037,0.35185185185185186
1
0.0,0.0,0.008547008547008548,0.006647673314339981,0.0,0.0,0.001899335232668566,0.002849002849002849,0.003798670465337132,0.003798670465337132,0.19658119658119658,0.245014245014245,0.011396011396011397,0.000949667616334283,0.24121557454890788,0.27730294396961064
0
0.000949667616334283,0.000949667616334283,0.008547008547008548,0.005698005698005698,0.000949667616334283,0.0,0.003798670465337132,0.0,0.005698005698005698,0.001899335232668566,0.2611585944919278,0.18138651471984804,0.008547008547008548,0.001899335232668566,0.1737891737891738,0.34472934472934474
1
0.0021008403361344537,0.0007002801120448179,0.004201680672268907,0.02100840336134454,0.0007002801120448179,0.0007002801120448179,0.0,0.0063025210084033615,0.004201680672268907,0.0014005602240896359,0.06022408963585434,0.14285714285714285,0.0196078431372549,0.004901960784313725,0.14705882352941177,0.5840336134453782
0
0.0070028011204481795,0.0007002801120448179,0.0,0.018907563025210083,0.0,0.0021008403361344537,0.0014005602240896359,0.004201680672268907,0.004201680672268907,0.0014005602240896359,0.0665266106442577,0.15056022408963585,0.01680672268907563,0.0028011204481792717,0.14215686274509803,0.5812324929971989
1
0.004273504273504274,0.0,0.009971509971509971,0.01566951566951567,0.0014245014245014246,0.0,0.002849002849002849,0.008547008547008548,0.007122507122507123,0.005698005698005698,0.09259259259259259,0.18091168091168092,0.01566951566951567,0.005698005698005698,0.20655270655270655,0.443019943019943
0
0.002849002849002849,0.0,0.009971509971509971,0.017094017094017096,0.0014245014245014246,0.0,0.005698005698005698,0.005698005698005698,0.009971509971509971,0.007122507122507123,0.13105413105413105,0.1623931623931624,0.01566951566951567,0.004273504273504274,0.15669515669515668,0.4700854700854701
1
0.0,0.0,0.016666666666666666,0.013636363636363636,0.0,0.0,0.0030303030303030303,0.0030303030303030303,0.019696969696969695,0.0015151515151515152,0.13636363636363635,0.1984848484848485,0.010606060606060607,0.004545454545454545,0.23030303030303031,0.3621212121212121
0
0.004545454545454545,0.0,0.007575757575757576,0.015151515151515152,0.0,0.0,0.004545454545454545,0.0015151515151515152,0.012121212121212121,0.0015151515151515152,0.15,0.19545454545454546,0.013636363636363636,0.0015151515151515152,0.21515151515151515,0.37727272727272726
1
0.0,0.0,0.004608294930875576,0.01152073732718894,0.002304147465437788,0.0,0.002304147465437788,0.002304147465437788,0.009216589861751152,0.0069124423963133645,0.16129032258064516,0.21889400921658986,0.0069124423963133645,0.0,0.21658986175115208,0.35714285714285715
0
0.002304147465437788,0.0,0.004608294930875576,0.01152073732718894,0.0,0.0,0.002304147465437788,0.004608294930875576,0.01152073732718894,0.0069124423963133645,0.14516129032258066,0.2350230414746544,0.002304147465437788,0.0,0.22811059907834103,0.3456221198156682
1
0.0,0.0,0.02318840579710145,0.028985507246376812,0.0,0.0,0.0,0.0,0.034782608695652174,0.0,0.336231884057971,0.17101449275362318,0.011594202898550725,0.0,0.2144927536231884,0.17971014492753623
0
0.002898550724637681,0.0,0.034782608695652174,0.014492753623188406,0.0,0.0,0.0,0.0,0.028985507246376812,0.0,0.34782608695652173,0.2,0.02608695652173913,0.0,0.15072463768115943,0.19420289855072465
1
0.0,0.0,0.0,0.008333333333333333,0.0,0.0,0.0,0.0,0.0,0.0,0.13333333333333333,0.375,0.016666666666666666,0.0,0.3416666666666667,0.125
0
0.0,0.0,0.008333333333333333,0.008333333333333333,0.0,0.0,0.0,0.0,0.008333333333333333,0.0,0.3333333333333333,0.24166666666666667,0.008333333333333333,0.0,0.13333333333333333,0.25833333333333336
1
0.0,0.0,0.04195804195804196,0.0,0.0,0.0,0.013986013986013986,0.0,0.055944055944055944,0.013986013986013986,0.5384615384615384,0.1048951048951049,0.0,0.0,0.0979020979020979,0.13286713286713286
0
0.013986013986013986,0.0,0.03496503496503497,0.0,0.0,0.0,0.006993006993006993,0.0,0.03496503496503497,0.013986013986013986,0.5244755244755245,0.1258741258741259,0.0,0.0,0.13286713286713286,0.11188811188811189
1
0.0,0.0,0.05102040816326531,0.01020408163265306,0.0,0.0,0.0,0.0,0.02040816326530612,0.0,0.5102040816326531,0.24489795918367346,0.02040816326530612,0.0,0.1326530612244898,0.01020408163265306
0
0.01020408163265306,0.0,0.030612244897959183,0.02040816326530612,0.0,0.0,0.0,0.0,0.030612244897959183,0.0,0.5204081632653061,0.22448979591836735,0.01020408163265306,0.0,0.1326530612244898,0.02040816326530612
1
0.0,0.0,0.014285714285714285,0.02857142857142857,0.0,0.014285714285714285,0.02857142857142857,0.0,0.014285714285714285,0.014285714285714285,0.14285714285714285,0.21428571428571427,0.02857142857142857,0.0,0.21428571428571427,0.2857142857142857
0
0.0,0.0,0.014285714285714285,0.04285714285714286,0.0,0.014285714285714285,0.014285714285714285,0.014285714285714285,0.0,0.014285714285714285,0.17142857142857143,0.12857142857142856,0.04285714285714286,0.0,0.22857142857142856,0.3142857142857143
1
0.0,0.0,0.0106951871657754,0.016042780748663103,0.0,0.0,0.016042780748663103,0.0053475935828877,0.0106951871657754,0.016042780748663103,0.20320855614973263,0.2192513368983957,0.016042780748663103,0.0053475935828877,0.21390374331550802,0.26737967914438504
0
0.0053475935828877,0.0,0.0106951871657754,0.0106951871657754,0.0,0.0,0.016042780748663103,0.0053475935828877,0.0,0.016042780748663103,0.19786096256684493,0.22994652406417113,0.016042780748663103,0.0,0.25133689839572193,0.24064171122994651
1
0.011904761904761904,0.0,0.03571428571428571,0.017857142857142856,0.0,0.0,0.0,0.011904761904761904,0.02976190476190476,0.005952380952380952,0.5595238095238095,0.1488095238095238,0.0,0.005952380952380952,0.125,0.047619047619047616
0
0.017857142857142856,0.0,0.02976190476190476,0.005952380952380952,0.0,0.0,0.0,0.011904761904761904,0.017857142857142856,0.0,0.5178571428571429,0.16666666666666666,0.017857142857142856,0.011904761904761904,0.1488095238095238,0.05357142857142857
1
0.0,0.0,0.005952380952380952,0.0,0.0,0.011904761904761904,0.005952380952380952,0.005952380952380952,0.011904761904761904,0.005952380952380952,0.38095238095238093,0.23809523809523808,0.0,0.0,0.23809523809523808,0.09523809523809523
0
0.0,0.0,0.011904761904761904,0.0,0.0,0.011904761904761904,0.005952380952380952,0.005952380952380952,0.011904761904761904,0.011904761904761904,0.39285714285714285,0.22023809523809523,0.0,0.0,0.1488095238095238,0.17857142857142858
1
0.0,0.0,0.047619047619047616,0.0,0.0,0.0,0.0,0.0,0.047619047619047616,0.0,0.23809523809523808,0.19047619047619047,0.0,0.0,0.23809523809523808,0.23809523809523808
0
0.0,0.0,0.047619047619047616,0.0,0.0,0.0,0.0,0.0,0.0,0.0,0.2857142857142857,0.19047619047619047,0.0,0.0,0.2857142857142857,0.19047619047619047
1
0.0,0.0,0.037037037037037035,0.0,0.0,0.0,0.0,0.037037037037037035,0.037037037037037035,0.0,0.5185185185185185,0.07407407407407407,0.0,0.0,0.2222222222222222,0.07407407407407407
0
0.0,0.0,0.037037037037037035,0.0,0.0,0.0,0.0,0.0,0.037037037037037035,0.0,0.5185185185185185,0.2222222222222222,0.0,0.037037037037037035,0.07407407407407407,0.07407407407407407
1
0.0030959752321981426,0.0,0.009287925696594427,0.034055727554179564,0.0,0.0,0.0,0.0030959752321981426,0.009287925696594427,0.0030959752321981426,0.17647058823529413,0.13312693498452013,0.04024767801857585,0.0,0.14551083591331268,0.44272445820433437
0
0.009287925696594427,0.0,0.009287925696594427,0.030959752321981424,0.0,0.0,0.0,0.0030959752321981426,0.01238390092879257,0.0030959752321981426,0.13312693498452013,0.17027863777089783,0.02786377708978328,0.0,0.15479876160990713,0.4458204334365325
1
0.005681818181818182,0.0,0.011363636363636364,0.03977272727272727,0.0,0.005681818181818182,0.0,0.011363636363636364,0.028409090909090908,0.0,0.2727272727272727,0.10795454545454546,0.028409090909090908,0.011363636363636364,0.09090909090909091,0.38636363636363635
0
0.0,0.0,0.028409090909090908,0.03409090909090909,0.0,0.0,0.0,0.017045454545454544,0.028409090909090908,0.0,0.23295454545454544,0.14772727272727273,0.03409090909090909,0.017045454545454544,0.14204545454545456,0.3181818181818182
1
0.0012251899044351876,0.0,0.0044106836559666745,0.012251899044351875,0.0,0.0,0.0002450379808870375,0.001470227885322225,0.0056358735604018625,0.0,0.08968390100465572,0.14408233276157806,0.010536633178142612,0.001470227885322225,0.13942661112472432,0.5895613820142122
0
0.002450379808870375,0.0,0.006125949522175937,0.009311443273707424,0.0002450379808870375,0.0,0.0,0.001470227885322225,0.0056358735604018625,0.0,0.11002205341827984,0.12472433227150208,0.009311443273707424,0.0017152658662092624,0.11663807890222985,0.6123499142367067
1
0.005582137161084529,0.0,0.013556618819776715,0.019138755980861243,0.0,0.0,0.0023923444976076554,0.0007974481658692185,0.014354066985645933,0.0007974481658692185,0.06698564593301436,0.16507177033492823,0.022328548644338118,0.001594896331738437,0.17304625199362042,0.5143540669856459
0
0.018341307814992026,0.0,0.009569377990430622,0.015151515151515152,0.0007974481658692185,0.0,0.001594896331738437,0.0007974481658692185,0.012759170653907496,0.001594896331738437,0.09170653907496013,0.1547049441786284,0.01036682615629984,0.001594896331738437,0.13955342902711323,0.5414673046251993
1
0.0014619883040935672,0.0,0.016812865497076022,0.010964912280701754,0.0,0.0,0.0007309941520467836,0.0007309941520467836,0.010964912280701754,0.0014619883040935672,0.23538011695906433,0.17690058479532164,0.01608187134502924,0.0,0.17616959064327486,0.35233918128654973
0
0.0043859649122807015,0.0,0.013888888888888888,0.010964912280701754,0.0,0.0,0.0007309941520467836,0.0007309941520467836,0.013157894736842105,0.0007309941520467836,0.23464912280701755,0.1878654970760234,0.011695906432748537,0.0,0.18859649122807018,0.33260233918128657
1
0.0,0.0,0.012987012987012988,0.021103896103896104,0.0,0.0,0.0016233766233766235,0.003246753246753247,0.011363636363636364,0.0016233766233766235,0.14772727272727273,0.20941558441558442,0.025974025974025976,0.003246753246753247,0.19642857142857142,0.3652597402597403
0
0.006493506493506494,0.0,0.017857142857142856,0.012987012987012988,0.0,0.0,0.003246753246753247,0.0016233766233766235,0.00974025974025974,0.0016233766233766235,0.12824675324675325,0.20292207792207792,0.01948051948051948,0.003246753246753247,0.19642857142857142,0.3961038961038961
1
0.0,0.0,0.0,0.003703703703703704,0.0,0.0,0.0,0.0,0.0,0.0,0.022222222222222223,0.10740740740740741,0.003703703703703704,0.0,0.1037037037037037,0.7592592592592593
0
0.0,0.0,0.003703703703703704,0.003703703703703704,0.0,0.0,0.0,0.0,0.003703703703703704,0.0,0.018518518518518517,0.0962962962962963,0.003703703703703704,0.0,0.1037037037037037,0.7666666666666667
1
0.0,0.0,0.0,0.016666666666666666,0.0,0.0,0.0,0.0,0.0,0.0,0.24166666666666667,0.175,0.016666666666666666,0.0,0.19166666666666668,0.35833333333333334
0
0.008333333333333333,0.0,0.0,0.008333333333333333,0.0,0.0,0.0,0.0,0.0,0.0,0.21666666666666667,0.16666666666666666,0.0,0.0,0.16666666666666666,0.43333333333333335
1
0.0,0.0,0.005952380952380952,0.008928571428571428,0.0,0.0,0.0,0.0,0.011904761904761904,0.0,0.2648809523809524,0.15773809523809523,0.002976190476190476,0.0,0.15476190476190477,0.39285714285714285
0
0.002976190476190476,0.0,0.005952380952380952,0.005952380952380952,0.0,0.0,0.0,0.0,0.002976190476190476,0.0,0.15476190476190477,0.26785714285714285,0.008928571428571428,0.0,0.2261904761904762,0.3244047619047619
1
0.0,0.0,0.006060606060606061,0.006060606060606061,0.0,0.0,0.0,0.0,0.0,0.0,0.09090909090909091,0.24242424242424243,0.012121212121212121,0.0,0.26666666666666666,0.37575757575757573
0
0.0,0.0,0.006060606060606061,0.006060606060606061,0.0,0.0,0.0,0.0,0.006060606060606061,0.0,0.09090909090909091,0.21212121212121213,0.006060606060606061,0.0,0.21212121212121213,0.46060606060606063
1
0.002150537634408602,0.0064516129032258064,0.021505376344086023,0.010752688172043012,0.0,0.0,0.0,0.0064516129032258064,0.012903225806451613,0.0,0.04516129032258064,0.13548387096774195,0.01935483870967742,0.0,0.13118279569892474,0.6086021505376344
0
0.0064516129032258064,0.0064516129032258064,0.012903225806451613,0.015053763440860216,0.0,0.0,0.0064516129032258064,0.0,0.0064516129032258064,0.0,0.05161290322580645,0.13548387096774195,0.02795698924731183,0.0,0.11612903225806452,0.6150537634408603
1
0.0,0.0,0.006944444444444444,0.034722222222222224,0.0,0.0,0.0,0.0,0.020833333333333332,0.0,0.09027777777777778,0.2222222222222222,0.020833333333333332,0.0,0.2361111111111111,0.3680555555555556
0
0.0,0.0,0.013888888888888888,0.027777777777777776,0.0,0.0,0.0,0.0,0.020833333333333332,0.0,0.10416666666666667,0.1527777777777778,0.020833333333333332,0.0,0.19444444444444445,0.4652777777777778
1
0.0,0.0,0.0205761316872428,0.024691358024691357,0.0,0.0,0.00205761316872428,0.0,0.02880658436213992,0.00205761316872428,0.2736625514403292,0.18930041152263374,0.01646090534979424,0.0,0.1728395061728395,0.26954732510288065
0
0.00823045267489712,0.0,0.0205761316872428,0.01646090534979424,0.0,0.0,0.00205761316872428,0.0,0.018518518518518517,0.0,0.29835390946502055,0.15432098765432098,0.012345679012345678,0.00205761316872428,0.1728395061728395,0.294238683127572
1
0.0,0.002506265664160401,0.002506265664160401,0.020050125313283207,0.0,0.0,0.0,0.002506265664160401,0.005012531328320802,0.0,0.11278195488721804,0.14285714285714285,0.017543859649122806,0.0,0.16791979949874686,0.5263157894736842
0
0.002506265664160401,0.0,0.002506265664160401,0.020050125313283207,0.0,0.0,0.002506265664160401,0.0,0.005012531328320802,0.002506265664160401,0.10275689223057644,0.15037593984962405,0.017543859649122806,0.0,0.17042606516290726,0.5238095238095238
1
0.008785529715762274,0.0005167958656330749,0.010852713178294573,0.016020671834625324,0.0,0.0,0.0010335917312661498,0.0015503875968992248,0.0103359173126615,0.0015503875968992248,0.14573643410852713,0.11834625322997416,0.017054263565891473,0.0005167958656330749,0.12661498708010335,0.5410852713178295
0
0.009819121447028423,0.0010335917312661498,0.009302325581395349,0.016020671834625324,0.0,0.0,0.0005167958656330749,0.0020671834625322996,0.007751937984496124,0.0015503875968992248,0.13695090439276486,0.1343669250645995,0.017054263565891473,0.0,0.12919896640826872,0.5343669250645995
1
0.02262443438914027,0.0011312217194570137,0.00904977375565611,0.03733031674208145,0.0,0.0,0.0011312217194570137,0.005656108597285068,0.00904977375565611,0.0011312217194570137,0.10067873303167421,0.13800904977375567,0.038461538461538464,0.003393665158371041,0.15271493212669685,0.4796380090497738
0
0.027149321266968326,0.0011312217194570137,0.014705882352941176,0.026018099547511313,0.0,0.0,0.0022624434389140274,0.004524886877828055,0.013574660633484163,0.0,0.10067873303167421,0.14819004524886878,0.030542986425339366,0.005656108597285068,0.13009049773755657,0.49547511312217196
1
0.0005285412262156448,0.0005285412262156448,0.004228329809725159,0.01004228329809725,0.0,0.0005285412262156448,0.003171247357293869,0.0036997885835095136,0.008985200845665961,0.0021141649048625794,0.14323467230443976,0.18710359408033828,0.006342494714587738,0.004228329809725159,0.19608879492600423,0.42917547568710357
0
0.002642706131078224,0.0,0.006342494714587738,0.006871035940803382,0.0,0.0010570824524312897,0.0015856236786469344,0.0047568710359408035,0.0036997885835095136,0.002642706131078224,0.13583509513742073,0.20084566596194503,0.009513742071881607,0.0036997885835095136,0.20084566596194503,0.41966173361522197
1
0.005411255411255411,0.0,0.01948051948051948,0.01406926406926407,0.0021645021645021645,0.0,0.006493506493506494,0.003246753246753247,0.017316017316017316,0.004329004329004329,0.2922077922077922,0.1590909090909091,0.011904761904761904,0.007575757575757576,0.1764069264069264,0.2803030303030303
0
0.0021645021645021645,0.0,0.016233766233766232,0.01948051948051948,0.0,0.0,0.005411255411255411,0.006493506493506494,0.0183982683982684,0.008658008658008658,0.30303030303030304,0.16233766233766234,0.0183982683982684,0.003246753246753247,0.15476190476190477,0.2813852813852814
1
0.0007177033492822966,0.0004784688995215311,0.0066985645933014355,0.01770334928229665,0.0011961722488038277,0.0014354066985645933,0.005741626794258373,0.00430622009569378,0.007894736842105263,0.005023923444976076,0.19880382775119618,0.1533492822966507,0.01555023923444976,0.005741626794258373,0.15550239234449761,0.41985645933014354
0
0.00215311004784689,0.002631578947368421,0.007894736842105263,0.011244019138755982,0.002631578947368421,0.0016746411483253589,0.005263157894736842,0.003110047846889952,0.007894736842105263,0.004784688995215311,0.21866028708133972,0.13851674641148326,0.01291866028708134,0.0035885167464114833,0.12942583732057417,0.44760765550239234
1
0.0007102272727272727,0.0,0.020596590909090908,0.004971590909090909,0.0,0.0,0.0,0.0007102272727272727,0.014204545454545454,0.0,0.20525568181818182,0.14701704545454544,0.007102272727272727,0.0007102272727272727,0.14204545454545456,0.45667613636363635
0
0.0,0.0,0.014204545454545454,0.011363636363636364,0.0,0.0,0.0,0.0007102272727272727,0.013494318181818182,0.0,0.18181818181818182,0.17329545454545456,0.01278409090909091,0.0007102272727272727,0.15482954545454544,0.4367897727272727
1
0.008658008658008658,0.0,0.013852813852813853,0.017316017316017316,0.0008658008658008658,0.0,0.006060606060606061,0.012987012987012988,0.013852813852813853,0.017316017316017316,0.16623376623376623,0.13593073593073593,0.017316017316017316,0.0025974025974025974,0.15844155844155844,0.42857142857142855
0
0.012121212121212121,0.004329004329004329,0.012121212121212121,0.012121212121212121,0.0008658008658008658,0.0,0.005194805194805195,0.012987012987012988,0.013852813852813853,0.0025974025974025974,0.18441558441558442,0.1445887445887446,0.013852813852813853,0.012987012987012988,0.13766233766233765,0.4303030303030303
1
0.00487012987012987,0.0,0.005681818181818182,0.033279220779220776,0.0,0.0,0.0016233766233766235,0.003246753246753247,0.004058441558441558,0.002435064935064935,0.03896103896103896,0.10795454545454546,0.0349025974025974,0.002435064935064935,0.09740259740259741,0.6631493506493507
0
0.010551948051948052,0.0,0.006493506493506494,0.026785714285714284,0.0,0.0,0.0,0.00487012987012987,0.003246753246753247,0.0008116883116883117,0.049512987012987016,0.09983766233766234,0.030032467532467532,0.004058441558441558,0.09659090909090909,0.6672077922077922
1
0.0,0.0,0.0,0.125,0.0,0.0,0.0,0.125,0.0,0.0,0.0,0.125,0.125,0.125,0.25,0.125
0
0.0,0.0,0.0,0.125,0.0,0.0,0.0,0.125,0.0,0.0,0.0,0.25,0.125,0.125,0.125,0.125
1
0.0,0.0,0.16666666666666666,0.0,0.0,0.0,0.0,0.0,0.16666666666666666,0.0,0.3333333333333333,0.16666666666666666,0.0,0.0,0.16666666666666666,0.0
0
0.0,0.0,0.16666666666666666,0.0,0.0,0.0,0.0,0.0,0.16666666666666666,0.0,0.3333333333333333,0.16666666666666666,0.0,0.0,0.16666666666666666,0.0
1
0.0,0.0,0.025,0.025,0.0,0.0,0.0,0.0,0.025,0.0,0.15,0.35,0.025,0.0,0.35,0.05
0
0.0,0.0,0.05,0.0,0.0,0.0,0.0,0.0,0.0,0.0,0.275,0.25,0.025,0.0,0.35,0.05
1
0.02,0.0,0.01,0.04,0.0,0.0,0.0,0.0,0.02,0.0,0.06,0.29,0.04,0.01,0.23,0.28
0
0.0,0.0,0.03,0.04,0.0,0.0,0.0,0.01,0.03,0.0,0.13,0.2,0.04,0.01,0.14,0.37
1
0.004807692307692308,0.0,0.019230769230769232,0.014423076923076924,0.0,0.0,0.014423076923076924,0.004807692307692308,0.019230769230769232,0.009615384615384616,0.28846153846153844,0.14903846153846154,0.019230769230769232,0.004807692307692308,0.16826923076923078,0.28365384615384615
0
0.0,0.0,0.02403846153846154,0.014423076923076924,0.0,0.0,0.004807692307692308,0.004807692307692308,0.03365384615384615,0.019230769230769232,0.2403846153846154,0.22596153846153846,0.009615384615384616,0.0,0.1971153846153846,0.22596153846153846
1
0.003952569169960474,0.0,0.021739130434782608,0.017786561264822136,0.0,0.0,0.009881422924901186,0.001976284584980237,0.021739130434782608,0.011857707509881422,0.24110671936758893,0.15810276679841898,0.011857707509881422,0.0,0.16403162055335968,0.3359683794466403
0
0.007905138339920948,0.0,0.023715415019762844,0.009881422924901186,0.0,0.0,0.007905138339920948,0.0,0.021739130434782608,0.011857707509881422,0.2490118577075099,0.17984189723320157,0.011857707509881422,0.0,0.16600790513833993,0.3102766798418972
1
0.002002002002002002,0.0,0.01001001001001001,0.011011011011011011,0.004004004004004004,0.0,0.001001001001001001,0.003003003003003003,0.006006006006006006,0.004004004004004004,0.19019019019019018,0.18618618618618618,0.01001001001001001,0.004004004004004004,0.2062062062062062,0.36236236236236236
0
0.002002002002002002,0.0,0.012012012012012012,0.009009009009009009,0.0,0.0,0.005005005005005005,0.003003003003003003,0.009009009009009009,0.006006006006006006,0.22322322322322322,0.17517517517517517,0.012012012012012012,0.002002002002002002,0.14614614614614616,0.3953953953953954
1
0.0,0.0,0.0,0.019230769230769232,0.0,0.0,0.009615384615384616,0.009615384615384616,0.004807692307692308,0.009615384615384616,0.14423076923076922,0.17307692307692307,0.014423076923076924,0.004807692307692308,0.1875,0.4230769230769231
0
0.004807692307692308,0.0,0.004807692307692308,0.009615384615384616,0.0,0.004807692307692308,0.014423076923076924,0.0,0.004807692307692308,0.004807692307692308,0.20192307692307693,0.13942307692307693,0.009615384615384616,0.004807692307692308,0.1201923076923077,0.47596153846153844
1
0.0005420054200542005,0.0,0.008672086720867209,0.014092140921409214,0.0,0.0,0.002168021680216802,0.0032520325203252032,0.005420054200542005,0.0016260162601626016,0.11924119241192412,0.15447154471544716,0.016802168021680216,0.003794037940379404,0.15989159891598917,0.5100271002710027
0
0.0027100271002710027,0.0005420054200542005,0.0032520325203252032,0.014092140921409214,0.0,0.0,0.002168021680216802,0.0032520325203252032,0.003794037940379404,0.002168021680216802,0.1002710027100271,0.17560975609756097,0.016802168021680216,0.0027100271002710027,0.1886178861788618,0.48401084010840106
1
0.03305785123966942,0.0,0.008264462809917356,0.03305785123966942,0.0,0.008264462809917356,0.01652892561983471,0.0,0.008264462809917356,0.008264462809917356,0.10743801652892562,0.2066115702479339,0.04132231404958678,0.008264462809917356,0.2066115702479339,0.3140495867768595
0
0.024793388429752067,0.0,0.008264462809917356,0.03305785123966942,0.0,0.0,0.01652892561983471,0.0,0.008264462809917356,0.008264462809917356,0.15702479338842976,0.1652892561983471,0.03305785123966942,0.01652892561983471,0.09917355371900827,0.4297520661157025
1
0.0,0.0,0.005787037037037037,0.009259259259259259,0.0,0.0,0.0011574074074074073,0.003472222222222222,0.003472222222222222,0.0011574074074074073,0.12152777777777778,0.19212962962962962,0.01273148148148148,0.003472222222222222,0.2013888888888889,0.4444444444444444
0
0.0,0.0,0.006944444444444444,0.009259259259259259,0.0,0.0011574074074074073,0.0011574074074074073,0.0023148148148148147,0.010416666666666666,0.0011574074074074073,0.1527777777777778,0.1701388888888889,0.005787037037037037,0.0023148148148148147,0.1712962962962963,0.4652777777777778
1
0.011111111111111112,0.0,0.011111111111111112,0.022222222222222223,0.0,0.0,0.0,0.0,0.011111111111111112,0.0,0.2222222222222222,0.14444444444444443,0.022222222222222223,0.0,0.16666666666666666,0.3888888888888889
0
0.005555555555555556,0.0,0.0,0.03333333333333333,0.0,0.0,0.0,0.0,0.005555555555555556,0.0,0.25,0.12777777777777777,0.03333333333333333,0.0,0.13333333333333333,0.4111111111111111
1
0.041666666666666664,0.0,0.041666666666666664,0.027777777777777776,0.0,0.0,0.013888888888888888,0.006944444444444444,0.027777777777777776,0.006944444444444444,0.2847222222222222,0.1388888888888889,0.034722222222222224,0.013888888888888888,0.14583333333333334,0.2152777777777778
0
0.041666666666666664,0.0,0.041666666666666664,0.034722222222222224,0.0,0.0,0.006944444444444444,0.013888888888888888,0.027777777777777776,0.020833333333333332,0.3263888888888889,0.09027777777777778,0.041666666666666664,0.0,0.10416666666666667,0.25
1
0.0,0.011363636363636364,0.03409090909090909,0.045454545454545456,0.011363636363636364,0.0,0.0,0.0,0.03977272727272727,0.0,0.16477272727272727,0.14772727272727273,0.03409090909090909,0.0,0.1590909090909091,0.3522727272727273
0
0.011363636363636364,0.0,0.056818181818181816,0.022727272727272728,0.011363636363636364,0.0,0.0,0.0,0.03977272727272727,0.0,0.14204545454545456,0.17045454545454544,0.022727272727272728,0.011363636363636364,0.18181818181818182,0.32954545454545453
1
0.009523809523809525,0.0,0.03333333333333333,0.04285714285714286,0.0,0.0,0.004761904761904762,0.0,0.02857142857142857,0.004761904761904762,0.15714285714285714,0.1380952380952381,0.047619047619047616,0.0,0.11904761904761904,0.4142857142857143
0
0.01904761904761905,0.0,0.023809523809523808,0.02857142857142857,0.0,0.0,0.004761904761904762,0.0,0.0380952380952381,0.004761904761904762,0.19047619047619047,0.10952380952380952,0.02857142857142857,0.0,0.12380952380952381,0.42857142857142855
1
0.0,0.0,0.027777777777777776,0.0,0.0,0.0,0.0,0.0,0.027777777777777776,0.0,0.37037037037037035,0.1574074074074074,0.0,0.0,0.18518518518518517,0.23148148148148148
0
0.0,0.0,0.027777777777777776,0.0,0.0,0.0,0.0,0.0,0.027777777777777776,0.0,0.3888888888888889,0.16666666666666666,0.0,0.0,0.1388888888888889,0.25
1
0.0026455026455026454,0.0,0.01455026455026455,0.015873015873015872,0.0,0.0,0.0,0.0026455026455026454,0.011904761904761904,0.0,0.14417989417989419,0.1626984126984127,0.018518518518518517,0.0026455026455026454,0.17592592592592593,0.44841269841269843
0
0.0026455026455026454,0.0,0.009259259259259259,0.022486772486772486,0.0,0.0,0.0,0.0026455026455026454,0.009259259259259259,0.0013227513227513227,0.12301587301587301,0.20767195767195767,0.022486772486772486,0.0013227513227513227,0.18915343915343916,0.4087301587301587
1
0.013262599469496022,0.0,0.0,0.029177718832891247,0.0,0.0,0.001326259946949602,0.001326259946949602,0.005305039787798408,0.002652519893899204,0.07957559681697612,0.11405835543766578,0.025198938992042442,0.001326259946949602,0.14058355437665782,0.5862068965517241
0
0.009283819628647215,0.001326259946949602,0.005305039787798408,0.026525198938992044,0.0,0.0,0.0,0.003978779840848806,0.003978779840848806,0.0,0.0636604774535809,0.13262599469496023,0.029177718832891247,0.001326259946949602,0.13262599469496023,0.5901856763925729
1
0.017948717948717947,0.0,0.02564102564102564,0.03076923076923077,0.005128205128205128,0.010256410256410256,0.0,0.0,0.02564102564102564,0.002564102564102564,0.16153846153846155,0.1794871794871795,0.02564102564102564,0.01282051282051282,0.17692307692307693,0.32564102564102565
0
0.01282051282051282,0.015384615384615385,0.017948717948717947,0.023076923076923078,0.0,0.0,0.007692307692307693,0.017948717948717947,0.02564102564102564,0.007692307692307693,0.2076923076923077,0.1282051282051282,0.035897435897435895,0.002564102564102564,0.1717948717948718,0.32564102564102565
1
0.0,0.0,0.0,0.014652014652014652,0.0,0.0,0.018315018315018316,0.003663003663003663,0.007326007326007326,0.01098901098901099,0.2490842490842491,0.14285714285714285,0.007326007326007326,0.007326007326007326,0.16117216117216118,0.3772893772893773
0
0.0,0.0,0.0,0.014652014652014652,0.0,0.0,0.007326007326007326,0.014652014652014652,0.007326007326007326,0.018315018315018316,0.2454212454212454,0.1391941391941392,0.007326007326007326,0.003663003663003663,0.16117216117216118,0.38095238095238093
1
0.007692307692307693,0.015384615384615385,0.007692307692307693,0.023076923076923078,0.0,0.0,0.015384615384615385,0.007692307692307693,0.0,0.007692307692307693,0.07692307692307693,0.16153846153846155,0.046153846153846156,0.0,0.14615384615384616,0.4846153846153846
0
0.007692307692307693,0.0,0.015384615384615385,0.038461538461538464,0.007692307692307693,0.007692307692307693,0.0,0.0,0.015384615384615385,0.0,0.12307692307692308,0.11538461538461539,0.023076923076923078,0.015384615384615385,0.13846153846153847,0.49230769230769234
1
0.008264462809917356,0.0,0.0,0.01652892561983471,0.0,0.0,0.0,0.0,0.008264462809917356,0.0,0.11570247933884298,0.2066115702479339,0.008264462809917356,0.0,0.15702479338842976,0.4793388429752066
0
0.0,0.0,0.0,0.024793388429752067,0.0,0.0,0.0,0.0,0.008264462809917356,0.0,0.12396694214876033,0.18181818181818182,0.01652892561983471,0.0,0.15702479338842976,0.48760330578512395
1
0.0,0.0,0.008771929824561403,0.013157894736842105,0.0,0.0,0.0043859649122807015,0.0043859649122807015,0.013157894736842105,0.0,0.31140350877192985,0.13157894736842105,0.013157894736842105,0.013157894736842105,0.14473684210526316,0.34210526315789475
0
0.0,0.0,0.008771929824561403,0.017543859649122806,0.0,0.0,0.0043859649122807015,0.008771929824561403,0.008771929824561403,0.0043859649122807015,0.2850877192982456,0.17543859649122806,0.013157894736842105,0.0043859649122807015,0.14473684210526316,0.32456140350877194
1
