0.007856341189674524,0.0,0.005611672278338945,0.02132435465768799,0.0,0.0,0.0,0.002244668911335578,0.005611672278338945,0.0,0.10437710437710437,0.13692480359147025,0.02356902356902357,0.002244668911335578,0.12457912457912458,0.5656565656565656
0
0.005611672278338945,0.002244668911335578,0.006734006734006734,0.02244668911335578,0.0,0.0,0.0,0.002244668911335578,0.005611672278338945,0.0,0.10213243546576879,0.14029180695847362,0.02356902356902357,0.0,0.12345679012345678,0.5656565656565656
1
0.003720238095238095,0.0,0.004464285714285714,0.023809523809523808,0.0,0.0,0.000744047619047619,0.001488095238095238,0.004464285714285714,0.0,0.05357142857142857,0.09151785714285714,0.026785714285714284,0.002232142857142857,0.09821428571428571,0.6889880952380952
0
0.002976190476190476,0.0,0.004464285714285714,0.027529761904761904,0.0,0.000744047619047619,0.0,0.001488095238095238,0.006696428571428571,0.0,0.052083333333333336,0.09672619047619048,0.026041666666666668,0.001488095238095238,0.09672619047619048,0.6830357142857143
1
0.0025974025974025974,0.0,0.008658008658008658,0.009523809523809525,0.0017316017316017316,0.0,0.0,0.0017316017316017316,0.006926406926406926,0.0017316017316017316,0.10216450216450217,0.17835497835497835,0.01038961038961039,0.0017316017316017316,0.17835497835497835,0.4961038961038961
0
0.003463203463203463,0.0,0.008658008658008658,0.008658008658008658,0.0,0.0,0.0017316017316017316,0.0017316017316017316,0.006060606060606061,0.0,0.1264069264069264,0.141991341991342,0.012121212121212121,0.003463203463203463,0.13073593073593073,0.554978354978355
1
0.01020408163265306,0.0,0.011564625850340135,0.01904761904761905,0.0,0.0,0.0027210884353741495,0.0013605442176870747,0.01292517006802721,0.003401360544217687,0.18299319727891156,0.1707482993197279,0.02108843537414966,0.0006802721088435374,0.1598639455782313,0.4034013605442177
0
0.007482993197278911,0.0,0.013605442176870748,0.021768707482993196,0.0006802721088435374,0.0,0.0013605442176870747,0.0020408163265306124,0.013605442176870748,0.0006802721088435374,0.20204081632653062,0.14217687074829932,0.021768707482993196,0.0027210884353741495,0.13945578231292516,0.4306122448979592
1
0.0,0.0,0.020833333333333332,0.03125,0.0,0.0,0.0,0.010416666666666666,0.03125,0.0,0.15625,0.09375,0.010416666666666666,0.0,0.10416666666666667,0.5416666666666666
0
0.0,0.0,0.03125,0.020833333333333332,0.0,0.0,0.0,0.010416666666666666,0.010416666666666666,0.0,0.13541666666666666,0.14583333333333334,0.020833333333333332,0.010416666666666666,0.13541666666666666,0.4791666666666667
1
0.022727272727272728,0.0,0.011363636363636364,0.06818181818181818,0.0,0.0,0.011363636363636364,0.0,0.03409090909090909,0.011363636363636364,0.13636363636363635,0.20454545454545456,0.045454545454545456,0.0,0.19318181818181818,0.26136363636363635
0
0.011363636363636364,0.0,0.0,0.07954545454545454,0.0,0.0,0.011363636363636364,0.0,0.045454545454545456,0.011363636363636364,0.14772727272727273,0.20454545454545456,0.045454545454545456,0.0,0.17045454545454544,0.2727272727272727
1
0.011111111111111112,0.0,0.003703703703703704,0.022222222222222223,0.0,0.0,0.0,0.003703703703703704,0.007407407407407408,0.0,0.0962962962962963,0.22962962962962963,0.018518518518518517,0.003703703703703704,0.21851851851851853,0.3851851851851852
0
0.003703703703703704,0.0,0.003703703703703704,0.025925925925925925,0.0,0.0,0.0,0.003703703703703704,0.018518518518518517,0.003703703703703704,0.14814814814814814,0.15925925925925927,0.014814814814814815,0.0,0.1111111111111111,0.5074074074074074
1
0.041666666666666664,0.013888888888888888,0.013888888888888888,0.013888888888888888,0.0,0.0,0.0,0.0,0.013888888888888888,0.0,0.1388888888888889,0.1388888888888889,0.013888888888888888,0.0,0.1388888888888889,0.4722222222222222
0
0.06944444444444445,0.0,0.0,0.013888888888888888,0.0,0.0,0.013888888888888888,0.0,0.013888888888888888,0.0,0.1527777777777778,0.2222222222222222,0.0,0.0,0.125,0.3888888888888889
1
0.007936507936507936,0.0,0.007936507936507936,0.07142857142857142,0.0,0.0,0.007936507936507936,0.015873015873015872,0.015873015873015872,0.007936507936507936,0.10317460317460317,0.15079365079365079,0.05555555555555555,0.007936507936507936,0.2222222222222222,0.3253968253968254
0
0.0,0.0,0.031746031746031744,0.047619047619047616,0.0,0.0,0.0,0.023809523809523808,0.023809523809523808,0.0,0.1111111111111111,0.15079365079365079,0.05555555555555555,0.015873015873015872,0.1349206349206349,0.40476190476190477
1
0.006521739130434782,0.0,0.021739130434782608,0.030434782608695653,0.0,0.002173913043478261,0.006521739130434782,0.004347826086956522,0.021739130434782608,0.004347826086956522,0.13043478260869565,0.20869565217391303,0.02826086956521739,0.006521739130434782,0.18043478260869567,0.34782608695652173
0
0.015217391304347827,0.0,0.021739130434782608,0.02391304347826087,0.0,0.0,0.008695652173913044,0.004347826086956522,0.021739130434782608,0.006521739130434782,0.13695652173913042,0.1782608695652174,0.02391304347826087,0.002173913043478261,0.1934782608695652,0.3630434782608696
1
0.003676470588235294,0.003676470588235294,0.003676470588235294,0.03308823529411765,0.003676470588235294,0.007352941176470588,0.014705882352941176,0.0,0.003676470588235294,0.011029411764705883,0.051470588235294115,0.13970588235294118,0.03308823529411765,0.0,0.1323529411764706,0.5588235294117647
0
0.003676470588235294,0.003676470588235294,0.003676470588235294,0.029411764705882353,0.0,0.0,0.003676470588235294,0.022058823529411766,0.007352941176470588,0.011029411764705883,0.04779411764705882,0.12867647058823528,0.025735294117647058,0.003676470588235294,0.15808823529411764,0.5514705882352942
1
0.0,0.0,0.0,0.0,0.0,0.0,0.0,0.0,0.0,0.0,0.1125,0.2375,0.0,0.0,0.2125,0.4375
0
0.0,0.0,0.0,0.0,0.0,0.0,0.0,0.0,0.0,0.0,0.1,0.2,0.0,0.0,0.225,0.475
1
0.0,0.0,0.01098901098901099,0.027472527472527472,0.0,0.0,0.005494505494505495,0.0,0.01098901098901099,0.005494505494505495,0.37362637362637363,0.14835164835164835,0.016483516483516484,0.0,0.10989010989010989,0.29120879120879123
0
0.0,0.0,0.01098901098901099,0.02197802197802198,0.0,0.0,0.0,0.005494505494505495,0.01098901098901099,0.005494505494505495,0.3131868131868132,0.17582417582417584,0.027472527472527472,0.0,0.14835164835164835,0.2802197802197802
1
0.0,0.0,0.0,0.014423076923076924,0.0,0.0,0.0,0.0,0.0,0.0,0.038461538461538464,0.13942307692307693,0.014423076923076924,0.0,0.125,0.6682692307692307
0
0.0,0.0,0.0,0.014423076923076924,0.0,0.0,0.0,0.0,0.0,0.0,0.052884615384615384,0.11538461538461539,0.009615384615384616,0.0,0.11057692307692307,0.6971153846153846
1
0.0016025641025641025,0.0,0.00641025641025641,0.01282051282051282,0.0,0.0016025641025641025,0.004807692307692308,0.00641025641025641,0.009615384615384616,0.009615384615384616,0.1891025641025641,0.17147435897435898,0.008012820512820512,0.003205128205128205,0.16826923076923078,0.40705128205128205
0
0.0016025641025641025,0.0,0.00641025641025641,0.011217948717948718,0.0,0.0,0.003205128205128205,0.011217948717948718,0.009615384615384616,0.004807692307692308,0.21314102564102563,0.14743589743589744,0.009615384615384616,0.008012820512820512,0.15384615384615385,0.4198717948717949
1
0.0,0.0,0.0,0.05454545454545454,0.0,0.0,0.0,0.0,0.00909090909090909,0.0,0.01818181818181818,0.14545454545454545,0.03636363636363636,0.0,0.19090909090909092,0.5454545454545454
0
0.00909090909090909,0.0,0.00909090909090909,0.03636363636363636,0.0,0.0,0.0,0.0,0.00909090909090909,0.0,0.00909090909090909,0.19090909090909092,0.03636363636363636,0.0,0.16363636363636364,0.5363636363636364
1
0.0,0.0,0.0,0.0,0.0,0.0,0.0,0.0,0.06666666666666667,0.0,0.13333333333333333,0.4,0.0,0.0,0.3333333333333333,0.06666666666666667
0
0.0,0.0,0.0,0.0,0.0,0.0,0.0,0.0,0.06666666666666667,0.0,0.13333333333333333,0.4,0.0,0.0,0.3333333333333333,0.06666666666666667
1
0.0,0.0,0.00909090909090909,0.02727272727272727,0.0,0.0,0.0,0.0,0.01818181818181818,0.0,0.2863636363636364,0.1318181818181818,0.00909090909090909,0.0,0.17272727272727273,0.34545454545454546
0
0.0,0.0,0.01818181818181818,0.022727272727272728,0.0,0.0,0.0,0.0,0.013636363636363636,0.0,0.30454545454545456,0.16818181818181818,0.013636363636363636,0.0,0.14545454545454545,0.31363636363636366
1
0.0,0.0,0.008403361344537815,0.0273109243697479,0.0,0.0,0.0063025210084033615,0.008403361344537815,0.012605042016806723,0.004201680672268907,0.0819327731092437,0.17016806722689076,0.018907563025210083,0.01050420168067227,0.17436974789915966,0.47689075630252103
0
0.004201680672268907,0.0021008403361344537,0.008403361344537815,0.02100840336134454,0.004201680672268907,0.0,0.0021008403361344537,0.008403361344537815,0.012605042016806723,0.0063025210084033615,0.1134453781512605,0.14285714285714285,0.014705882352941176,0.0063025210084033615,0.13025210084033614,0.523109243697479
1
0.0021008403361344537,0.0,0.014705882352941176,0.018907563025210083,0.0,0.004201680672268907,0.0,0.01050420168067227,0.008403361344537815,0.004201680672268907,0.09663865546218488,0.14495798319327732,0.023109243697478993,0.0063025210084033615,0.1638655462184874,0.5021008403361344
0
0.004201680672268907,0.0021008403361344537,0.008403361344537815,0.02100840336134454,0.004201680672268907,0.0,0.0021008403361344537,0.008403361344537815,0.012605042016806723,0.0063025210084033615,0.1134453781512605,0.14285714285714285,0.014705882352941176,0.0063025210084033615,0.13025210084033614,0.523109243697479
1
0.00404040404040404,0.0,0.013131313131313131,0.012121212121212121,0.0,0.0,0.00101010101010101,0.00909090909090909,0.015151515151515152,0.006060606060606061,0.18181818181818182,0.1696969696969697,0.011111111111111112,0.00404040404040404,0.17676767676767677,0.39595959595959596
0
0.0030303030303030303,0.0,0.014141414141414142,0.012121212121212121,0.00101010101010101,0.00101010101010101,0.0030303030303030303,0.005050505050505051,0.012121212121212121,0.005050505050505051,0.21717171717171718,0.1383838383838384,0.014141414141414142,0.00404040404040404,0.13333333333333333,0.43636363636363634
1
0.0007122507122507123,0.0,0.008547008547008548,0.011396011396011397,0.0,0.0,0.0007122507122507123,0.0007122507122507123,0.008547008547008548,0.0014245014245014246,0.1274928774928775,0.17806267806267806,0.012108262108262107,0.0,0.16951566951566951,0.4807692307692308
0
0.0007122507122507123,0.0,0.007122507122507123,0.013532763532763533,0.0,0.0,0.0,0.0014245014245014246,0.010683760683760684,0.0014245014245014246,0.12321937321937322,0.17094017094017094,0.009259259259259259,0.0,0.1745014245014245,0.48717948717948717
1
0.007692307692307693,0.0,0.023076923076923078,0.04230769230769231,0.0,0.0,0.0038461538461538464,0.0,0.023076923076923078,0.0,0.12692307692307692,0.13846153846153847,0.038461538461538464,0.0038461538461538464,0.11538461538461539,0.47692307692307695
0
0.015384615384615385,0.0,0.019230769230769232,0.038461538461538464,0.0,0.0,0.0,0.0038461538461538464,0.019230769230769232,0.0,0.13076923076923078,0.11923076923076924,0.03461538461538462,0.0038461538461538464,0.11923076923076924,0.49615384615384617
1
0.0024691358024691358,0.0012345679012345679,0.011111111111111112,0.018518518518518517,0.0,0.0,0.0024691358024691358,0.006172839506172839,0.014814814814814815,0.0049382716049382715,0.3432098765432099,0.15308641975308643,0.016049382716049384,0.003703703703703704,0.14814814814814814,0.2740740740740741
0
0.0024691358024691358,0.0,0.013580246913580247,0.018518518518518517,0.0,0.0024691358024691358,0.0024691358024691358,0.003703703703703704,0.014814814814814815,0.003703703703703704,0.3111111111111111,0.16419753086419753,0.016049382716049384,0.003703703703703704,0.16666666666666666,0.2765432098765432
1
0.0,0.0,0.0,0.011904761904761904,0.0,0.0,0.0,0.0,0.0,0.0,0.23809523809523808,0.21428571428571427,0.011904761904761904,0.0,0.2261904761904762,0.2976190476190476
0
0.0,0.0,0.0,0.011904761904761904,0.0,0.0,0.0,0.0,0.0,0.0,0.27380952380952384,0.19047619047619047,0.011904761904761904,0.0,0.17857142857142858,0.3333333333333333
1
0.0,0.0,0.05194805194805195,0.0,0.0,0.0,0.0,0.0,0.025974025974025976,0.0,0.18181818181818182,0.18181818181818182,0.0,0.0,0.18181818181818182,0.37662337662337664
0
0.0,0.0,0.05194805194805195,0.0,0.0,0.0,0.0,0.0,0.05194805194805195,0.0,0.22077922077922077,0.18181818181818182,0.012987012987012988,0.0,0.12987012987012986,0.35064935064935066
1
0.0,0.0,0.0,0.03333333333333333,0.0,0.0,0.0,0.0,0.0,0.0,0.18333333333333332,0.23333333333333334,0.03333333333333333,0.0,0.23333333333333334,0.2833333333333333
0
0.0,0.0,0.008333333333333333,0.016666666666666666,0.0,0.0,0.0,0.0,0.008333333333333333,0.0,0.13333333333333333,0.21666666666666667,0.025,0.0,0.225,0.36666666666666664
1
0.020833333333333332,0.0,0.020833333333333332,0.020833333333333332,0.0,0.0,0.0,0.0,0.020833333333333332,0.0,0.2916666666666667,0.125,0.041666666666666664,0.0,0.1875,0.2708333333333333
0
0.020833333333333332,0.0,0.0,0.0625,0.0,0.0,0.0,0.0,0.0,0.0,0.25,0.25,0.041666666666666664,0.0,0.1875,0.1875
1
0.0,0.0,0.020833333333333332,0.020833333333333332,0.0,0.0,0.020833333333333332,0.010416666666666666,0.020833333333333332,0.020833333333333332,0.15625,0.21875,0.03125,0.010416666666666666,0.16666666666666666,0.3020833333333333
0
0.0,0.0,0.0,0.041666666666666664,0.010416666666666666,0.010416666666666666,0.010416666666666666,0.010416666666666666,0.010416666666666666,0.03125,0.20833333333333334,0.16666666666666666,0.020833333333333332,0.0,0.16666666666666666,0.3125
1
0.0,0.0,0.0,0.02857142857142857,0.0,0.0,0.0,0.02857142857142857,0.0,0.0,0.05714285714285714,0.2,0.05714285714285714,0.02857142857142857,0.14285714285714285,0.45714285714285713
0
0.0,0.0,0.0,0.02857142857142857,0.0,0.0,0.0,0.02857142857142857,0.02857142857142857,0.0,0.05714285714285714,0.14285714285714285,0.02857142857142857,0.02857142857142857,0.14285714285714285,0.5142857142857142
1
0.00644122383252818,0.0,0.008856682769726247,0.03140096618357488,0.001610305958132045,0.0,0.0024154589371980675,0.005636070853462158,0.007246376811594203,0.001610305958132045,0.1457326892109501,0.16183574879227053,0.030595813204508857,0.008051529790660225,0.1392914653784219,0.4492753623188406
0
0.01288244766505636,0.0,0.00966183574879227,0.024154589371980676,0.0008051529790660225,0.0,0.001610305958132045,0.007246376811594203,0.007246376811594203,0.0024154589371980675,0.16747181964573268,0.1392914653784219,0.02254428341384863,0.007246376811594203,0.11674718196457327,0.4806763285024155
1
0.0026833631484794273,0.0,0.0035778175313059034,0.017889087656529516,0.0,0.0,0.0008944543828264759,0.0008944543828264759,0.005366726296958855,0.0008944543828264759,0.16100178890876565,0.16010733452593917,0.016100178890876567,0.0008944543828264759,0.18336314847942756,0.44633273703041143
0
0.0008944543828264759,0.0,0.006261180679785331,0.01699463327370304,0.0,0.0,0.0008944543828264759,0.0008944543828264759,0.006261180679785331,0.0008944543828264759,0.21735241502683364,0.12343470483005367,0.014311270125223614,0.0008944543828264759,0.11359570661896243,0.49731663685152055
1
0.0,0.0,0.006802721088435374,0.0163265306122449,0.0,0.0,0.0013605442176870747,0.0013605442176870747,0.005442176870748299,0.0,0.11428571428571428,0.15374149659863945,0.017687074829931974,0.0027210884353741495,0.14829931972789115,0.5319727891156463
0
0.0027210884353741495,0.0013605442176870747,0.004081632653061225,0.014965986394557823,0.0,0.0,0.0,0.0027210884353741495,0.004081632653061225,0.0,0.08299319727891157,0.18639455782312925,0.0163265306122449,0.0013605442176870747,0.1564625850340136,0.5265306122448979
1
0.006122448979591836,0.0,0.019727891156462583,0.018367346938775512,0.0,0.0,0.0027210884353741495,0.003401360544217687,0.017006802721088437,0.003401360544217687,0.16462585034013605,0.20068027210884354,0.02312925170068027,0.0027210884353741495,0.19931972789115646,0.33877551020408164
0
0.008843537414965987,0.0,0.014965986394557823,0.022448979591836733,0.003401360544217687,0.0,0.0006802721088435374,0.0020408163265306124,0.011564625850340135,0.004081632653061225,0.1891156462585034,0.18435374149659864,0.022448979591836733,0.0020408163265306124,0.1598639455782313,0.3741496598639456
1
0.0,0.0,0.022058823529411766,0.029411764705882353,0.0,0.0,0.007352941176470588,0.0,0.022058823529411766,0.0,0.11764705882352941,0.16911764705882354,0.029411764705882353,0.007352941176470588,0.19117647058823528,0.40441176470588236
0
0.0,0.007352941176470588,0.022058823529411766,0.029411764705882353,0.0,0.0,0.0,0.007352941176470588,0.022058823529411766,0.0,0.20588235294117646,0.16911764705882354,0.029411764705882353,0.0,0.11029411764705882,0.39705882352941174
1
0.0,0.0,0.010670731707317074,0.009146341463414634,0.0007621951219512195,0.0,0.003048780487804878,0.0007621951219512195,0.011432926829268292,0.0007621951219512195,0.18140243902439024,0.18216463414634146,0.008384146341463415,0.0022865853658536584,0.18140243902439024,0.40777439024390244
0
0.0007621951219512195,0.0007621951219512195,0.008384146341463415,0.010670731707317074,0.0,0.0007621951219512195,0.0,0.0022865853658536584,0.007621951219512195,0.0022865853658536584,0.20198170731707318,0.16463414634146342,0.012957317073170731,0.0,0.16539634146341464,0.4214939024390244
1
0.03636363636363636,0.0,0.03636363636363636,0.01818181818181818,0.0,0.0,0.01818181818181818,0.0,0.01818181818181818,0.01818181818181818,0.2545454545454545,0.12727272727272726,0.03636363636363636,0.0,0.14545454545454545,0.2909090909090909
0
0.0,0.0,0.03636363636363636,0.05454545454545454,0.0,0.0,0.01818181818181818,0.0,0.05454545454545454,0.01818181818181818,0.21818181818181817,0.2,0.03636363636363636,0.0,0.18181818181818182,0.18181818181818182
1
0.0,0.0,0.007692307692307693,0.023076923076923078,0.0,0.0,0.0,0.0,0.007692307692307693,0.0,0.1,0.17692307692307693,0.023076923076923078,0.0,0.18461538461538463,0.47692307692307695
0
0.0,0.0,0.015384615384615385,0.015384615384615385,0.0,0.0,0.0,0.0,0.0,0.0,0.1076923076923077,0.18461538461538463,0.038461538461538464,0.0,0.16153846153846155,0.47692307692307695
1
0.007936507936507936,0.0,0.031746031746031744,0.015873015873015872,0.0,0.0,0.0,0.0,0.007936507936507936,0.007936507936507936,0.2777777777777778,0.19047619047619047,0.047619047619047616,0.0,0.15873015873015872,0.25396825396825395
0
0.007936507936507936,0.0,0.023809523809523808,0.031746031746031744,0.0,0.0,0.0,0.007936507936507936,0.047619047619047616,0.007936507936507936,0.1746031746031746,0.23015873015873015,0.007936507936507936,0.0,0.2698412698412698,0.19047619047619047
1
0.004571428571428572,0.0,0.010285714285714285,0.021714285714285714,0.002285714285714286,0.0,0.0034285714285714284,0.002285714285714286,0.010285714285714285,0.004571428571428572,0.11314285714285714,0.1462857142857143,0.019428571428571427,0.0034285714285714284,0.14857142857142858,0.5097142857142857
0
0.001142857142857143,0.001142857142857143,0.005714285714285714,0.024,0.0,0.0,0.001142857142857143,0.006857142857142857,0.017142857142857144,0.002285714285714286,0.09142857142857143,0.16457142857142856,0.017142857142857144,0.004571428571428572,0.16342857142857142,0.49942857142857144
1
0.008403361344537815,0.0,0.01680672268907563,0.03361344537815126,0.0,0.0,0.004201680672268907,0.004201680672268907,0.029411764705882353,0.008403361344537815,0.13025210084033614,0.15966386554621848,0.029411764705882353,0.0,0.16806722689075632,0.40756302521008403
0
0.004201680672268907,0.0,0.01680672268907563,0.05042016806722689,0.0,0.0,0.008403361344537815,0.0,0.04201680672268908,0.004201680672268907,0.12184873949579832,0.15966386554621848,0.025210084033613446,0.004201680672268907,0.19327731092436976,0.3697478991596639
1
0.014,0.0,0.026,0.032,0.004,0.0,0.0,0.004,0.014,0.002,0.074,0.158,0.04,0.006,0.142,0.484
0
0.018,0.0,0.016,0.042,0.002,0.0,0.0,0.004,0.018,0.0,0.086,0.146,0.036,0.008,0.114,0.51
1
0.0,0.0,0.0020729684908789387,0.007048092868988391,0.0,0.0,0.0008291873963515755,0.002902155887230514,0.001658374792703151,0.0012437810945273632,0.07172470978441128,0.15920398009950248,0.007462686567164179,0.0024875621890547263,0.15920398009950248,0.5841625207296849
0
0.00041459369817578774,0.0,0.0008291873963515755,0.008291873963515755,0.0,0.0008291873963515755,0.0008291873963515755,0.0020729684908789387,0.004560530679933665,0.0008291873963515755,0.09742951907131012,0.14386401326699835,0.004560530679933665,0.0020729684908789387,0.148424543946932,0.5849917081260365
1
0.0014238253440911248,0.0,0.005220692928334125,0.009492168960607499,0.0,0.0,0.00047460844803037496,0.0009492168960607499,0.005220692928334125,0.0009492168960607499,0.11627906976744186,0.14333175130517323,0.009017560512577124,0.00047460844803037496,0.13194114855244424,0.5752254390128144
0
0.0014238253440911248,0.0,0.005695301376364499,0.00854295206454675,0.0,0.0,0.0009492168960607499,0.00047460844803037496,0.007119126720455624,0.0009492168960607499,0.12624584717607973,0.12956810631229235,0.007593735168485999,0.00047460844803037496,0.12007593735168486,0.5908875177978168
1
0.0010582010582010583,0.0010582010582010583,0.009523809523809525,0.01798941798941799,0.0010582010582010583,0.0,0.0010582010582010583,0.006349206349206349,0.0031746031746031746,0.004232804232804233,0.15026455026455027,0.14179894179894179,0.02433862433862434,0.0031746031746031746,0.13862433862433862,0.4962962962962963
0
0.004232804232804233,0.0010582010582010583,0.004232804232804233,0.01904761904761905,0.0010582010582010583,0.0,0.0021164021164021165,0.005291005291005291,0.010582010582010581,0.0010582010582010583,0.12804232804232804,0.15978835978835979,0.014814814814814815,0.006349206349206349,0.15343915343915343,0.4888888888888889
1
0.0,0.0,0.0,0.0,0.0,0.0,0.0,0.0,0.0,0.0,0.004807692307692308,0.0625,0.0,0.0,0.0625,0.8701923076923077
0
0.0,0.0,0.0,0.0,0.0,0.0,0.0,0.0,0.0,0.0,0.004807692307692308,0.0625,0.0,0.0,0.057692307692307696,0.875
1
0.0,0.0,0.003001200480192077,0.0078031212484993995,0.0,0.0,0.0006002400960384153,0.0012004801920768306,0.005402160864345739,0.001800720288115246,0.18307322929171668,0.19387755102040816,0.005402160864345739,0.0,0.1872749099639856,0.4105642256902761
0
0.0,0.0,0.006602641056422569,0.004201680672268907,0.0,0.0,0.0012004801920768306,0.0006002400960384153,0.006602641056422569,0.0012004801920768306,0.20948379351740695,0.16206482593037214,0.004201680672268907,0.0006002400960384153,0.16326530612244897,0.4399759903961585
1
0.0,0.0,0.0,0.022727272727272728,0.0,0.0,0.0,0.022727272727272728,0.0,0.011363636363636364,0.19318181818181818,0.19318181818181818,0.011363636363636364,0.0,0.13636363636363635,0.4090909090909091
0
0.011363636363636364,0.0,0.011363636363636364,0.011363636363636364,0.0,0.0,0.011363636363636364,0.011363636363636364,0.0,0.0,0.125,0.2159090909090909,0.022727272727272728,0.022727272727272728,0.20454545454545456,0.3522727272727273
1
0.0,0.0012903225806451613,0.007741935483870968,0.012903225806451613,0.0012903225806451613,0.0,0.0012903225806451613,0.005161290322580645,0.0012903225806451613,0.0012903225806451613,0.1406451612903226,0.16,0.01935483870967742,0.005161290322580645,0.13032258064516128,0.512258064516129
0
0.0025806451612903226,0.0,0.0064516129032258064,0.012903225806451613,0.0,0.0,0.0012903225806451613,0.0064516129032258064,0.0012903225806451613,0.0025806451612903226,0.15483870967741936,0.1393548387096774,0.01806451612903226,0.005161290322580645,0.1406451612903226,0.5083870967741936
1
0.0012903225806451613,0.0,0.00903225806451613,0.011612903225806452,0.0,0.0,0.003870967741935484,0.003870967741935484,0.003870967741935484,0.005161290322580645,0.16129032258064516,0.1329032258064516,0.016774193548387096,0.0025806451612903226,0.12903225806451613,0.5187096774193548
0
0.0025806451612903226,0.0,0.0064516129032258064,0.012903225806451613,0.0,0.0,0.0012903225806451613,0.0064516129032258064,0.0012903225806451613,0.0025806451612903226,0.15483870967741936,0.1393548387096774,0.01806451612903226,0.005161290322580645,0.1406451612903226,0.5083870967741936
1
0.0234375,0.0,0.0234375,0.0390625,0.0,0.0,0.0,0.0,0.0234375,0.0,0.1015625,0.15625,0.0390625,0.0078125,0.125,0.4609375
0
0.015625,0.0,0.015625,0.03125,0.0,0.0,0.0078125,0.0,0.0234375,0.0078125,0.109375,0.1875,0.046875,0.0,0.1640625,0.390625
1
0.0,0.0,0.01948051948051948,0.025974025974025976,0.0,0.0,0.0,0.0,0.01948051948051948,0.0,0.19480519480519481,0.17532467532467533,0.025974025974025976,0.0,0.16233766233766234,0.37662337662337664
0
0.0,0.0,0.012987012987012988,0.032467532467532464,0.0,0.0,0.0,0.0,0.03896103896103896,0.0,0.21428571428571427,0.16233766233766234,0.006493506493506494,0.0,0.14935064935064934,0.38311688311688313
1
0.007692307692307693,0.0,0.023076923076923078,0.007692307692307693,0.0,0.0,0.0,0.0,0.015384615384615385,0.0,0.27692307692307694,0.2,0.023076923076923078,0.0,0.18461538461538463,0.26153846153846155
0
0.0,0.0,0.015384615384615385,0.023076923076923078,0.0,0.0,0.0,0.0,0.038461538461538464,0.0,0.25384615384615383,0.19230769230769232,0.007692307692307693,0.0,0.2230769230769231,0.24615384615384617
1
0.0,0.0,0.022727272727272728,0.00909090909090909,0.0,0.0,0.0,0.0,0.00909090909090909,0.0,0.4,0.15,0.013636363636363636,0.0,0.17727272727272728,0.21818181818181817
0
0.0,0.0,0.013636363636363636,0.01818181818181818,0.0,0.0,0.0,0.0,0.01818181818181818,0.0,0.39090909090909093,0.14545454545454545,0.013636363636363636,0.0,0.15,0.25
1
0.007371007371007371,0.0,0.01597051597051597,0.014742014742014743,0.0012285012285012285,0.0,0.0036855036855036856,0.0012285012285012285,0.013513513513513514,0.0036855036855036856,0.22235872235872237,0.14619164619164618,0.0171990171990172,0.002457002457002457,0.128992628992629,0.4213759213759214
0
0.009828009828009828,0.0,0.011056511056511056,0.019656019656019656,0.0,0.0,0.0036855036855036856,0.0012285012285012285,0.01597051597051597,0.0012285012285012285,0.2285012285012285,0.13882063882063883,0.014742014742014743,0.004914004914004914,0.12776412776412777,0.4226044226044226
1
0.01036682615629984,0.0007974481658692185,0.019936204146730464,0.03110047846889952,0.0007974481658692185,0.0,0.003189792663476874,0.0023923444976076554,0.023125996810207338,0.001594896331738437,0.18022328548644337,0.1507177033492823,0.028708133971291867,0.003987240829346092,0.14513556618819776,0.39792663476874
0
0.01594896331738437,0.0,0.02073365231259968,0.02631578947368421,0.001594896331738437,0.0007974481658692185,0.001594896331738437,0.001594896331738437,0.017543859649122806,0.0023923444976076554,0.17384370015948963,0.15151515151515152,0.02711323763955343,0.003189792663476874,0.14912280701754385,0.40669856459330145
1
0.0,0.0,0.015384615384615385,0.015384615384615385,0.0,0.0,0.0,0.0,0.0,0.0,0.36923076923076925,0.16923076923076924,0.015384615384615385,0.0,0.18461538461538463,0.23076923076923078
0
0.0,0.0,0.0,0.03076923076923077,0.0,0.0,0.0,0.0,0.0,0.0,0.3384615384615385,0.2,0.015384615384615385,0.0,0.23076923076923078,0.18461538461538463
1
0.0016233766233766235,0.0,0.010551948051948052,0.011363636363636364,0.0,0.0,0.0008116883116883117,0.003246753246753247,0.010551948051948052,0.0008116883116883117,0.14853896103896103,0.20616883116883117,0.011363636363636364,0.003246753246753247,0.19967532467532467,0.39204545454545453
0
0.0,0.0,0.005681818181818182,0.017045454545454544,0.0016233766233766235,0.0,0.0,0.002435064935064935,0.011363636363636364,0.0008116883116883117,0.17207792207792208,0.18262987012987014,0.00974025974025974,0.003246753246753247,0.18425324675324675,0.4090909090909091
1
0.0,0.0,0.035897435897435895,0.020512820512820513,0.0,0.0,0.010256410256410256,0.0,0.015384615384615385,0.010256410256410256,0.1794871794871795,0.24615384615384617,0.046153846153846156,0.0,0.24102564102564103,0.19487179487179487
0
0.005128205128205128,0.0,0.041025641025641026,0.015384615384615385,0.0,0.0,0.010256410256410256,0.0,0.035897435897435895,0.010256410256410256,0.1794871794871795,0.24102564102564103,0.015384615384615385,0.0,0.17435897435897435,0.2717948717948718
1
0.01098901098901099,0.0,0.04395604395604396,0.038461538461538464,0.0,0.0,0.0,0.01098901098901099,0.04395604395604396,0.005494505494505495,0.0989010989010989,0.16483516483516483,0.027472527472527472,0.005494505494505495,0.17032967032967034,0.3791208791208791
0
0.02197802197802198,0.0,0.04395604395604396,0.027472527472527472,0.0,0.0,0.005494505494505495,0.005494505494505495,0.03296703296703297,0.0,0.10989010989010989,0.21978021978021978,0.027472527472527472,0.01098901098901099,0.15384615384615385,0.34065934065934067
1
0.0,0.0,0.02197802197802198,0.04395604395604396,0.0,0.0,0.0,0.01098901098901099,0.005494505494505495,0.0,0.11538461538461539,0.24175824175824176,0.054945054945054944,0.01098901098901099,0.1978021978021978,0.2967032967032967
0
0.01098901098901099,0.0,0.005494505494505495,0.054945054945054944,0.005494505494505495,0.0,0.005494505494505495,0.0,0.027472527472527472,0.005494505494505495,0.11538461538461539,0.21428571428571427,0.03296703296703297,0.0,0.19230769230769232,0.32967032967032966
1
0.010351966873706004,0.0,0.026915113871635612,0.022774327122153208,0.0,0.0,0.0,0.002070393374741201,0.012422360248447204,0.002070393374741201,0.14906832298136646,0.18633540372670807,0.039337474120082816,0.0,0.15527950310559005,0.39337474120082816
0
0.010351966873706004,0.0,0.026915113871635612,0.024844720496894408,0.0,0.0,0.0,0.002070393374741201,0.028985507246376812,0.0,0.13043478260869565,0.20082815734989648,0.018633540372670808,0.002070393374741201,0.18012422360248448,0.3747412008281574
1
0.0010504201680672268,0.0,0.004201680672268907,0.011554621848739496,0.0,0.0,0.0021008403361344537,0.0010504201680672268,0.004201680672268907,0.0010504201680672268,0.10084033613445378,0.16071428571428573,0.01050420168067227,0.0021008403361344537,0.16701680672268907,0.5336134453781513
0
0.0010504201680672268,0.0,0.0063025210084033615,0.009453781512605041,0.0,0.0,0.0010504201680672268,0.0021008403361344537,0.0063025210084033615,0.0010504201680672268,0.10504201680672269,0.15441176470588236,0.009453781512605041,0.0021008403361344537,0.14285714285714285,0.5588235294117647
1
0.0,0.0,0.012903225806451613,0.012903225806451613,0.0,0.0,0.0,0.0,0.007741935483870968,0.0,0.20387096774193547,0.20129032258064516,0.01935483870967742,0.0,0.1935483870967742,0.34838709677419355
0
0.005161290322580645,0.0,0.003870967741935484,0.016774193548387096,0.0,0.0,0.0,0.0,0.012903225806451613,0.0,0.24129032258064517,0.17548387096774193,0.00903225806451613,0.0,0.16516129032258065,0.37032258064516127
1
0.0,0.0,0.0096,0.0096,0.0,0.0,0.0016,0.0048,0.0096,0.0064,0.1696,0.2144,0.0144,0.0016,0.2144,0.344
0
0.0016,0.0,0.0096,0.0128,0.0,0.0,0.0064,0.0,0.0064,0.0064,0.2176,0.1712,0.016,0.0016,0.1552,0.3952
1
0.010582010582010581,0.0021164021164021165,0.014814814814814815,0.037037037037037035,0.0010582010582010583,0.0,0.0031746031746031746,0.0031746031746031746,0.015873015873015872,0.0031746031746031746,0.1111111111111111,0.14814814814814814,0.0380952380952381,0.004232804232804233,0.16825396825396827,0.43915343915343913
0
0.009523809523809525,0.0,0.012698412698412698,0.042328042328042326,0.0021164021164021165,0.0,0.0031746031746031746,0.004232804232804233,0.01164021164021164,0.0010582010582010583,0.12063492063492064,0.15661375661375662,0.037037037037037035,0.007407407407407408,0.15132275132275133,0.4402116402116402
1
0.015479876160990712,0.0030959752321981426,0.009287925696594427,0.03715170278637771,0.0,0.0,0.0,0.0,0.021671826625386997,0.0,0.17647058823529413,0.1826625386996904,0.021671826625386997,0.0,0.20743034055727555,0.32507739938080493
0
0.018575851393188854,0.0,0.015479876160990712,0.02476780185758514,0.0,0.0,0.0,0.0030959752321981426,0.01238390092879257,0.0,0.17337461300309598,0.20743034055727555,0.030959752321981424,0.0030959752321981426,0.16408668730650156,0.34674922600619196
1
0.0,0.0,0.06349206349206349,0.031746031746031744,0.0,0.0,0.0,0.0,0.06349206349206349,0.0,0.47619047619047616,0.09523809523809523,0.015873015873015872,0.0,0.12698412698412698,0.12698412698412698
0
0.0,0.0,0.06349206349206349,0.0,0.0,0.0,0.0,0.0,0.031746031746031744,0.0,0.49206349206349204,0.20634920634920634,0.047619047619047616,0.0,0.1111111111111111,0.047619047619047616
1
0.001812141347025068,0.003624282694050136,0.004228329809725159,0.018725460585925703,0.0012080942313500453,0.0003020235578375113,0.001812141347025068,0.003624282694050136,0.005134400483237693,0.0006040471156750226,0.09664753850800363,0.13379643612201753,0.022047719722138325,0.002718212020537602,0.1283600120809423,0.5753548776804591
0
0.005134400483237693,0.0,0.004832376925400181,0.017517366354575657,0.0015101177891875567,0.0003020235578375113,0.001812141347025068,0.003624282694050136,0.004832376925400181,0.001812141347025068,0.07037148897614014,0.16097855632739352,0.018423437028088192,0.004832376925400181,0.1549380851706433,0.5490788281485955
1
0.005681818181818182,0.0,0.017045454545454544,0.017045454545454544,0.0,0.0,0.0,0.0,0.011363636363636364,0.0,0.22727272727272727,0.1846590909090909,0.02556818181818182,0.0,0.19602272727272727,0.3153409090909091
0
0.005681818181818182,0.0,0.011363636363636364,0.022727272727272728,0.0,0.0,0.0,0.0,0.017045454545454544,0.0,0.1846590909090909,0.2215909090909091,0.019886363636363636,0.0,0.22443181818181818,0.29261363636363635
1
0.005952380952380952,0.0,0.001984126984126984,0.031746031746031744,0.0,0.0,0.0,0.0,0.001984126984126984,0.0,0.06944444444444445,0.12698412698412698,0.03373015873015873,0.001984126984126984,0.1388888888888889,0.5873015873015873
0
0.013888888888888888,0.0,0.001984126984126984,0.025793650793650792,0.0,0.0,0.001984126984126984,0.0,0.001984126984126984,0.001984126984126984,0.10515873015873016,0.10515873015873016,0.01984126984126984,0.0,0.10119047619047619,0.621031746031746
1
0.02142857142857143,0.0,0.05,0.02857142857142857,0.0,0.0,0.0,0.0,0.04285714285714286,0.0,0.07142857142857142,0.2357142857142857,0.02142857142857143,0.0,0.25,0.2785714285714286
0
0.02857142857142857,0.0,0.02857142857142857,0.04285714285714286,0.0,0.0,0.0,0.0,0.05,0.0,0.07142857142857142,0.22142857142857142,0.02142857142857143,0.0,0.25,0.2857142857142857
1
0.0010416666666666667,0.0,0.01875,0.03125,0.0,0.0,0.0020833333333333333,0.0010416666666666667,0.017708333333333333,0.0,0.17083333333333334,0.16458333333333333,0.029166666666666667,0.003125,0.18020833333333333,0.3802083333333333
0
0.0020833333333333333,0.0,0.019791666666666666,0.029166666666666667,0.0,0.0,0.0010416666666666667,0.0020833333333333333,0.015625,0.003125,0.215625,0.13958333333333334,0.027083333333333334,0.0,0.121875,0.42291666666666666
1
0.0027359781121751026,0.0,0.012995896032831737,0.012995896032831737,0.0,0.0,0.004103967168262654,0.002051983584131327,0.011627906976744186,0.002051983584131327,0.22366621067031464,0.19630642954856362,0.013679890560875513,0.004103967168262654,0.1908344733242134,0.3228454172366621
0
0.003419972640218878,0.0,0.018467852257181942,0.006155950752393981,0.0,0.0,0.0027359781121751026,0.003419972640218878,0.015047879616963064,0.0027359781121751026,0.23529411764705882,0.18194254445964433,0.010259917920656635,0.003419972640218878,0.17647058823529413,0.34062927496580025
1
0.02318840579710145,0.0,0.03188405797101449,0.02608695652173913,0.0,0.0,0.005797101449275362,0.005797101449275362,0.02608695652173913,0.005797101449275362,0.13623188405797101,0.14782608695652175,0.03188405797101449,0.002898550724637681,0.14492753623188406,0.4115942028985507
0
0.028985507246376812,0.002898550724637681,0.03188405797101449,0.014492753623188406,0.0,0.0,0.005797101449275362,0.005797101449275362,0.03188405797101449,0.002898550724637681,0.1681159420289855,0.11594202898550725,0.020289855072463767,0.005797101449275362,0.11014492753623188,0.45507246376811594
1
0.0008116883116883117,0.0,0.00974025974025974,0.012987012987012988,0.0,0.0,0.0016233766233766235,0.002435064935064935,0.008116883116883116,0.0008116883116883117,0.14691558441558442,0.2012987012987013,0.011363636363636364,0.003246753246753247,0.19074675324675325,0.4099025974025974
0
0.0,0.0,0.005681818181818182,0.017045454545454544,0.0016233766233766235,0.0,0.0,0.002435064935064935,0.011363636363636364,0.0008116883116883117,0.17207792207792208,0.18262987012987014,0.00974025974025974,0.003246753246753247,0.18425324675324675,0.4090909090909091
1
0.0,0.0,0.027777777777777776,0.0,0.0,0.0,0.013888888888888888,0.0,0.013888888888888888,0.013888888888888888,0.4166666666666667,0.1388888888888889,0.0,0.0,0.1388888888888889,0.2361111111111111
0
0.0,0.0,0.013888888888888888,0.013888888888888888,0.0,0.0,0.013888888888888888,0.0,0.027777777777777776,0.013888888888888888,0.4305555555555556,0.20833333333333334,0.0,0.0,0.19444444444444445,0.08333333333333333
1
0.002380952380952381,0.0,0.016666666666666666,0.01904761904761905,0.0,0.0,0.0,0.0,0.02142857142857143,0.0,0.24285714285714285,0.16428571428571428,0.011904761904761904,0.0,0.1738095238095238,0.3476190476190476
0
0.004761904761904762,0.0,0.02142857142857143,0.011904761904761904,0.0,0.0,0.0,0.0,0.014285714285714285,0.0,0.25476190476190474,0.1976190476190476,0.01904761904761905,0.0,0.19047619047619047,0.2857142857142857
1
0.0,0.0,0.011857707509881422,0.005928853754940711,0.0,0.0,0.003952569169960474,0.001976284584980237,0.001976284584980237,0.003952569169960474,0.1442687747035573,0.18774703557312253,0.01383399209486166,0.001976284584980237,0.20553359683794467,0.41699604743083
0
0.0,0.001976284584980237,0.007905138339920948,0.005928853754940711,0.0,0.0,0.003952569169960474,0.001976284584980237,0.007905138339920948,0.001976284584980237,0.21146245059288538,0.14624505928853754,0.009881422924901186,0.001976284584980237,0.14624505928853754,0.4525691699604743
1
0.007518796992481203,0.0,0.0,0.015037593984962405,0.0,0.0,0.0,0.007518796992481203,0.007518796992481203,0.0,0.10526315789473684,0.21804511278195488,0.015037593984962405,0.007518796992481203,0.21804511278195488,0.39849624060150374
0
0.0,0.0,0.015037593984962405,0.015037593984962405,0.0,0.0,0.0,0.007518796992481203,0.007518796992481203,0.0,0.14285714285714285,0.2631578947368421,0.022556390977443608,0.007518796992481203,0.16541353383458646,0.3533834586466165
1
0.007518796992481203,0.0,0.0,0.015037593984962405,0.007518796992481203,0.0,0.0,0.0,0.0,0.007518796992481203,0.13533834586466165,0.18796992481203006,0.015037593984962405,0.0,0.3082706766917293,0.3157894736842105
0
0.0,0.0,0.015037593984962405,0.015037593984962405,0.0,0.0,0.0,0.007518796992481203,0.007518796992481203,0.0,0.14285714285714285,0.2631578947368421,0.022556390977443608,0.007518796992481203,0.16541353383458646,0.3533834586466165
1
0.0,0.0,0.03125,0.0375,0.0,0.0,0.00625,0.0,0.025,0.00625,0.15,0.14375,0.03125,0.0,0.125,0.44375
0
0.0125,0.0,0.0125,0.04375,0.0,0.0,0.0,0.00625,0.0125,0.00625,0.1875,0.11875,0.03125,0.0,0.1125,0.45625
1
0.0,0.0,0.04040404040404041,0.010101010101010102,0.0,0.0,0.0,0.010101010101010102,0.030303030303030304,0.010101010101010102,0.08080808080808081,0.12121212121212122,0.030303030303030304,0.010101010101010102,0.1111111111111111,0.5454545454545454
0
0.0,0.0,0.020202020202020204,0.030303030303030304,0.0,0.0,0.010101010101010102,0.010101010101010102,0.030303030303030304,0.010101010101010102,0.09090909090909091,0.10101010101010101,0.020202020202020204,0.010101010101010102,0.1111111111111111,0.5555555555555556
1
0.0,0.0,0.05555555555555555,0.018518518518518517,0.018518518518518517,0.0,0.0,0.0,0.0,0.018518518518518517,0.4444444444444444,0.16666666666666666,0.05555555555555555,0.0,0.037037037037037035,0.18518518518518517
0
0.0,0.018518518518518517,0.037037037037037035,0.018518518518518517,0.0,0.0,0.0,0.018518518518518517,0.037037037037037035,0.0,0.4074074074074074,0.16666666666666666,0.037037037037037035,0.0,0.12962962962962962,0.12962962962962962
1
0.0,0.0,0.05555555555555555,0.007936507936507936,0.0,0.0,0.007936507936507936,0.007936507936507936,0.031746031746031744,0.007936507936507936,0.16666666666666666,0.18253968253968253,0.015873015873015872,0.007936507936507936,0.1349206349206349,0.373015873015873
0
0.007936507936507936,0.0,0.031746031746031744,0.023809523809523808,0.0,0.0,0.0,0.015873015873015872,0.015873015873015872,0.007936507936507936,0.20634920634920634,0.15873015873015872,0.023809523809523808,0.007936507936507936,0.10317460317460317,0.3968253968253968
1
0.0,0.0,0.02857142857142857,0.02857142857142857,0.0,0.0,0.0,0.0,0.04285714285714286,0.0,0.15714285714285714,0.21428571428571427,0.02857142857142857,0.0,0.2571428571428571,0.24285714285714285
0
0.0,0.0,0.02857142857142857,0.02857142857142857,0.0,0.0,0.0,0.0,0.02857142857142857,0.0,0.15714285714285714,0.21428571428571427,0.02857142857142857,0.0,0.22857142857142856,0.2857142857142857
1
0.0,0.0,0.09523809523809523,0.0,0.0,0.0,0.0,0.0,0.047619047619047616,0.0,0.3333333333333333,0.09523809523809523,0.047619047619047616,0.0,0.2857142857142857,0.09523809523809523
0
0.0,0.0,0.09523809523809523,0.0,0.0,0.0,0.0,0.0,0.047619047619047616,0.0,0.42857142857142855,0.0,0.047619047619047616,0.0,0.19047619047619047,0.19047619047619047
1
